n Room0_0 39 38 10
n Room1_0 117 38 10
n Room2_0 195 38 10
n Room3_0 274 38 10
n Room4_0 352 38 10
n Room5_0 431 38 10
n Room6_0 509 38 10
n Room7_0 587 38 10
n Room8_0 666 38 10
n Room9_0 744 38 10
n Room0_1 39 114 10
n Room1_1 117 114 10
n Room2_1 195 114 10
n Room3_1 274 114 10
n Room4_1 352 114 10
n Room5_1 431 114 10
n Room6_1 509 114 10
n Room7_1 587 114 10
n Room8_1 666 114 10
n Room9_1 744 114 10
n Room0_2 39 190 10
n Room1_2 117 190 10
n Room2_2 195 190 10
n Room3_2 274 190 10
n Room4_2 352 190 10
n Room5_2 431 190 10
n Room6_2 509 190 10
n Room7_2 587 190 10
n Room8_2 666 190 10
n Room9_2 744 190 10
n Room0_3 39 266 10
n Room1_3 117 266 10
n Room2_3 195 266 10
n Room3_3 274 266 10
n Room4_3 352 266 10
n Room5_3 431 266 10
n Room6_3 509 266 10
n Room7_3 587 266 10
n Room8_3 666 266 10
n Room9_3 744 266 10
n Room0_4 39 342 10
n Room1_4 117 342 10
n Room2_4 195 342 10
n Room3_4 274 342 10
n Room4_4 352 342 10
n Room5_4 431 342 10
n Room6_4 509 342 10
n Room7_4 587 342 10
n Room8_4 666 342 10
n Room9_4 744 342 10
n Room0_5 39 419 10
n Room1_5 117 419 10
n Room2_5 195 419 10
n Room3_5 274 419 10
n Room4_5 352 419 10
n Room5_5 431 419 10
n Room6_5 509 419 10
n Room7_5 587 419 10
n Room8_5 666 419 10
n Room9_5 744 419 10
n Room0_6 39 495 10
n Room1_6 117 495 10
n Room2_6 195 495 10
n Room3_6 274 495 10
n Room4_6 352 495 10
n Room5_6 431 495 10
n Room6_6 509 495 10
n Room7_6 587 495 10
n Room8_6 666 495 10
n Room9_6 744 495 10
n Room0_7 39 571 10
n Room1_7 117 571 10
n Room2_7 195 571 10
n Room3_7 274 571 10
n Room4_7 352 571 10
n Room5_7 431 571 10
n Room6_7 509 571 10
n Room7_7 587 571 10
n Room8_7 666 571 10
n Room9_7 744 571 10
n Room0_8 39 647 10
n Room1_8 117 647 10
n Room2_8 195 647 10
n Room3_8 274 647 10
n Room4_8 352 647 10
n Room5_8 431 647 10
n Room6_8 509 647 10
n Room7_8 587 647 10
n Room8_8 666 647 10
n Room9_8 744 647 10
n Room0_9 39 723 10
n Room1_9 117 723 10
n Room2_9 195 723 10
n Room3_9 274 723 10
n Room4_9 352 723 10
n Room5_9 431 723 10
n Room6_9 509 723 10
n Room7_9 587 723 10
n Room8_9 666 723 10
n Room9_9 744 723 10
e 0 1 78.0
e 0 10 76.0
e 1 2 78.0
e 1 0 78.0
e 2 3 79.0
e 2 1 78.0
e 2 12 76.0
e 3 2 79.0
e 4 5 79.0
e 5 6 78.0
e 5 4 79.0
e 6 5 78.0
e 6 16 76.0
e 7 17 76.0
e 8 18 76.0
e 9 19 76.0
e 10 0 76.0
e 11 12 78.0
e 12 13 79.0
e 12 2 76.0
e 12 11 78.0
e 12 22 76.0
e 13 14 78.0
e 13 12 79.0
e 14 15 79.0
e 14 13 78.0
e 15 14 79.0
e 16 17 78.0
e 16 6 76.0
e 17 18 79.0
e 17 7 76.0
e 17 16 78.0
e 18 19 78.0
e 18 8 76.0
e 18 17 79.0
e 18 28 76.0
e 19 9 76.0
e 19 18 78.0
e 19 29 76.0
e 20 21 78.0
e 21 22 78.0
e 21 20 78.0
e 21 31 76.0
e 22 23 79.0
e 22 12 76.0
e 22 21 78.0
e 22 32 76.0
e 23 24 78.0
e 23 22 79.0
e 24 25 79.0
e 24 23 78.0
e 25 26 78.0
e 25 24 79.0
e 25 35 76.0
e 26 27 78.0
e 26 25 78.0
e 26 36 76.0
e 27 28 79.0
e 27 26 78.0
e 28 18 76.0
e 28 27 79.0
e 29 19 76.0
e 30 40 76.0
e 31 21 76.0
e 31 41 76.0
e 32 33 79.0
e 32 22 76.0
e 33 34 78.0
e 33 32 79.0
e 33 43 76.0
e 34 33 78.0
e 35 25 76.0
e 36 37 78.0
e 36 26 76.0
e 37 38 79.0
e 37 36 78.0
e 37 47 76.0
e 38 39 78.0
e 38 37 79.0
e 38 48 76.0
e 39 38 78.0
e 40 41 78.0
e 40 30 76.0
e 40 50 77.0
e 41 31 76.0
e 41 40 78.0
e 42 43 79.0
e 42 52 77.0
e 43 33 76.0
e 43 42 79.0
e 44 45 79.0
e 45 46 78.0
e 45 44 79.0
e 46 47 78.0
e 46 45 78.0
e 46 56 77.0
e 47 37 76.0
e 47 46 78.0
e 47 57 77.0
e 48 38 76.0
e 49 59 77.0
e 50 51 78.0
e 50 40 77.0
e 50 60 76.0
e 51 50 78.0
e 52 42 77.0
e 53 54 78.0
e 53 63 76.0
e 54 55 79.0
e 54 53 78.0
e 55 54 79.0
e 56 46 77.0
e 57 58 79.0
e 57 47 77.0
e 57 67 76.0
e 58 57 79.0
e 59 49 77.0
e 59 69 76.0
e 60 50 76.0
e 61 62 78.0
e 62 63 79.0
e 62 61 78.0
e 62 72 76.0
e 63 64 78.0
e 63 53 76.0
e 63 62 79.0
e 64 65 79.0
e 64 63 78.0
e 64 74 76.0
e 65 66 78.0
e 65 64 79.0
e 66 67 78.0
e 66 65 78.0
e 66 76 76.0
e 67 57 76.0
e 67 66 78.0
e 67 77 76.0
e 68 69 78.0
e 68 78 76.0
e 69 59 76.0
e 69 68 78.0
e 70 71 78.0
e 70 80 76.0
e 71 70 78.0
e 71 81 76.0
e 72 62 76.0
e 73 74 78.0
e 73 83 76.0
e 74 64 76.0
e 74 73 78.0
e 74 84 76.0
e 75 85 76.0
e 76 66 76.0
e 77 78 79.0
e 77 67 76.0
e 78 79 78.0
e 78 68 76.0
e 78 77 79.0
e 78 88 76.0
e 79 78 78.0
e 80 70 76.0
e 81 82 78.0
e 81 71 76.0
e 81 91 76.0
e 82 83 79.0
e 82 81 78.0
e 82 92 76.0
e 83 73 76.0
e 83 82 79.0
e 83 93 76.0
e 84 74 76.0
e 84 94 76.0
e 85 86 78.0
e 85 75 76.0
e 86 87 78.0
e 86 85 78.0
e 87 88 79.0
e 87 86 78.0
e 88 89 78.0
e 88 78 76.0
e 88 87 79.0
e 88 98 76.0
e 89 88 78.0
e 89 99 76.0
e 90 91 78.0
e 91 81 76.0
e 91 90 78.0
e 92 82 76.0
e 93 83 76.0
e 94 95 79.0
e 94 84 76.0
e 95 96 78.0
e 95 94 79.0
e 96 95 78.0
e 97 98 79.0
e 98 88 76.0
e 98 97 79.0
e 99 89 76.0
L 0 0 78 0
L 0 0 0 76
L 78 0 156 0
L 156 0 234 0
L 313 0 313 76
L 235 0 313 0
L 313 0 391 0
L 392 0 470 0
L 548 0 548 76
L 470 0 548 0
L 626 0 626 76
L 548 0 626 0
L 705 0 705 76
L 627 0 705 0
L 783 0 783 76
L 705 0 783 0
L 78 76 78 152
L 0 76 0 152
L 78 76 156 76
L 235 76 313 76
L 313 76 391 76
L 470 76 470 152
L 392 76 470 76
L 783 76 783 152
L 0 152 78 152
L 0 152 0 228
L 78 152 156 152
L 235 152 313 152
L 313 152 391 152
L 392 152 470 152
L 470 152 548 152
L 548 152 626 152
L 705 152 705 228
L 783 152 783 228
L 78 228 78 304
L 0 228 78 228
L 0 228 0 304
L 156 228 156 304
L 235 228 313 228
L 391 228 391 304
L 313 228 391 228
L 470 228 470 304
L 548 228 626 228
L 627 228 705 228
L 783 228 783 304
L 705 228 783 228
L 0 304 0 380
L 156 304 156 380
L 156 304 234 304
L 313 304 313 380
L 313 304 391 304
L 392 304 470 304
L 470 304 548 304
L 626 304 626 380
L 705 304 705 380
L 783 304 783 380
L 705 304 783 304
L 0 381 0 457
L 156 381 156 457
L 78 381 156 381
L 234 381 234 457
L 235 381 313 381
L 313 381 391 381
L 470 381 470 457
L 392 381 470 381
L 548 381 548 457
L 705 381 705 457
L 627 381 705 381
L 783 381 783 457
L 78 457 78 533
L 0 457 0 533
L 78 457 156 457
L 156 457 234 457
L 313 457 391 457
L 392 457 470 457
L 470 457 548 457
L 626 457 626 533
L 627 457 705 457
L 783 457 783 533
L 0 533 78 533
L 0 533 0 609
L 156 533 156 609
L 78 533 156 533
L 234 533 234 609
L 235 533 313 533
L 391 533 391 609
L 470 533 470 609
L 392 533 470 533
L 548 533 548 609
L 783 533 783 609
L 705 533 783 533
L 78 609 78 685
L 0 609 0 685
L 156 609 234 609
L 313 609 313 685
L 391 609 391 685
L 470 609 548 609
L 548 609 626 609
L 783 609 783 685
L 705 609 783 609
L 0 685 78 685
L 0 685 0 761
L 0 761 78 761
L 156 685 156 761
L 78 761 156 761
L 234 685 234 761
L 156 761 234 761
L 313 685 313 761
L 235 761 313 761
L 313 761 391 761
L 392 685 470 685
L 392 761 470 761
L 548 685 548 761
L 470 685 548 685
L 470 761 548 761
L 548 685 626 685
L 548 761 626 761
L 705 685 705 761
L 627 761 705 761
L 783 685 783 761
L 705 761 783 761
